original
0 -20
1 0
2 -6
3 27
4 -15
5 31
6 31
7 31

real 0
0 -20
1 31
2 0
3 31
4 -6
5 31
6 27
7 31
8 -15
9 31
10 31
11 31
12 31
13 31
14 31
15 31


original 1
0 -23
1 2
2 -8
3 18
4 -20
5 31
6 31
7 31

real 1
0 -23
1 31
2 2
3 31
4 -8
5 31
6 18
7 31
8 -20
9 31
10 31
11 31
12 31
13 31
14 31
15 31

original 2
0 -26
1 -9
2 -12
3 20
4 -23
5 31
6 31
7 31

real 2
0 -26
1 31
2 -9
3 31
4 -12
5 31
6 20
7 31
8 -23
9 31
10 31
11 31
12 31
13 31
14 31
15 31


original 3
0 -22
1 -12
2 -17
3 27
4 -21
5 31
6 31
7 31

real 3
0 -22
1 31
2 -12
3 31
4 -17
5 31
6 27
7 31
8 -21
9 31
10 31
11 31
12 31
13 31
14 31
15 31


original 4
0 -28
1 -4
2 -15
3 23
4 -31
5 31
6 31
7 31

real 4
0 -28
1 31
2 -4
3 31
4 -15
5 31
6 23
7 31
8 -31
9 31
10 31
11 31
12 31
13 31
14 31
15 31


original 5
0 -30
1 -27
2 -24
3 31
4 -31
5 31
6 31
7 31

real 5
0 -30
1 31
2 -27
3 31
4 -24
5 31
6 31
7 31
8 -31
9 31
10 31
11 31
12 31
13 31
14 31
15 31



original
0 -31
1 -31
2 -8
3 31
4 -31
5 31
6 31
7 31


real 6
0 -31
1 31
2 -31
3 31
4 -8
5 31
6 31
7 31
8 -31
9 31
10 31
11 31
12 31
13 31
14 31
15 31


original
0 -31
1 -31
2 -28
3 31
4 -31
5 31
6 31
7 31

real 7
0 -31
1 31
2 -31
3 31
4 -28
5 31
6 31
7 31
8 -31
9 31
10 31
11 31
12 31
13 31
14 31
15 31



original
0 -31
1 -31
2 -31
3 31
4 -31
5 31
6 31
7 31


real 8
0 -31
1 31
2 -31
3 31
4 -31
5 31
6 31
7 31
8 -31
9 31
10 31
11 31
12 31
13 31
14 31
15 31



original
0 -31
1 -31
2 -31
3 31
4 -31
5 31
6 31
7 31


real 9
0 -31
1 31
2 -31
1 31
4 -31
5 31
6 31
7 31
8 -31
9 31
10 31
11 31
12 31
13 31
14 31
15 31
