0 0
1 0
2 -5
3 0
4 0
5 0
6 0
7 0
8 0
9 0
10 0
11 0
12 0
13 0
14 0
15 0
0 3
1 -3
2 -3
3 -3
4 3
5 -3
6 -3
7 3
8 3
9 3
10 -3
11 -3
12 -3
13 -3
14 -3
15 -3
0 3
1 -6
2 3
3 3
4 3
5 -3
6 3
7 3
8 3
9 3
10 3
11 3
12 3
13 3
14 3
15 3
0 3
1 3
2 3
3 3
4 3
5 3
6 3
7 3
8 3
9 3
10 -3
11 -5
12 3
13 3
14 3
15 3
0 5
1 5
2 5
3 5
4 5
5 5
6 5
7 5
8 -10
9 5
10 5
11 -5
12 5
13 5
14 5
15 5
0 5
1 5
2 5
3 5
4 5
5 5
6 5
7 16
8 5
9 -5
10 5
11 5
12 5
13 -5
14 5
15 5
0 0
1 0
2 0
3 0
4 0
5 0
6 0
7 0
8 0
9 0
10 0
11 0
12 0
13 0
14 0
15 0
0 10
1 -10
2 10
3 10
4 10
5 10
6 10
7 10
8 10
9 10
10 10
11 10
12 -11
13 10
14 10
15 10
