0 -20
1 31
2 0
3 31
4 -6
5 31
6 27
7 31
8 -15
9 31
10 31
11 31
12 31
13 31
14 31
15 31
0 -4
1 31
2 14
3 31
4 -18
5 31
6 31
7 -16
8 -13
9 -4
10 31
11 31
12 31
13 31
14 31
15 31
0 31
1 -4
2 31
3 9
4 31
5 -7
6 31
7 10
8 31
9 8
10 15
11 31
12 31
13 31
14 31
15 31
0 31
1 21
2 31
3 10
4 31
5 11
6 31
7 29
8 31
9 -6
10 -4
11 31
12 31
13 31
14 31
15 31
0 16
1 31
2 23
3 31
4 13
5 31
6 12
7 31
8 -6
9 31
10 31
11 -15
12 15
13 31
14 31
15 31
0 20
1 31
2 23
3 31
4 31
5 18
6 31 
7 6
8 31
9 -18
10 31
11 24
12 31
13 -21
14 31
15 31
0 31
1 -6
2 31
3 -27
4 31
5 -34
6 31
7 22
8 31
9 31
10 0
11 31
12 31
13 17
14 0
15 31
0 31
1 -29
2 31
3 13
4 14
5 31
6 18
7 31
8 21
9 31
10 31
11 31
12 -12
13 31
14 15
15 16
